0 0.220000 0.480714 0.019048 0.027143
0 0.327619 0.532143 0.020952 0.027143
0 0.348571 0.413571 0.019048 0.021429
0 0.355238 0.366429 0.017143 0.024286
0 0.268095 0.366429 0.018095 0.018571
0 0.267619 0.332857 0.019048 0.017143
0 0.194762 0.332857 0.018095 0.020000
0 0.216190 0.305714 0.011429 0.014286
0 0.245238 0.240714 0.012381 0.012857
0 0.284286 0.286429 0.014286 0.015714
0 0.280476 0.302143 0.012381 0.015714
0 0.255238 0.620714 0.024762 0.027143
0 0.130476 0.720000 0.026667 0.034286
0 0.075714 0.655714 0.023810 0.031429
0 0.034762 0.569286 0.021905 0.027143
0 0.262381 0.775714 0.029524 0.034286
0 0.357619 0.680000 0.025714 0.028571
0 0.434286 0.598571 0.024762 0.031429
0 0.447143 0.502143 0.025714 0.024286
0 0.454286 0.455000 0.022857 0.018571
0 0.462381 0.423571 0.016190 0.015714
0 0.027143 0.932143 0.035238 0.061429
