0 0.394043 0.566406 0.059570 0.046875
0 0.701172 0.504557 0.050781 0.048177
0 0.599609 0.401042 0.060547 0.049479
0 0.704590 0.260417 0.045898 0.033854
0 0.952148 0.438151 0.048828 0.048177
0 0.966797 0.751953 0.066406 0.061198
0 0.616211 0.946615 0.099609 0.065104
0 0.493652 0.741536 0.067383 0.055990
0 0.312988 0.490234 0.038086 0.024740
0 0.280273 0.416016 0.052734 0.032552
0 0.196777 0.354167 0.043945 0.031250
0 0.472168 0.285807 0.038086 0.027344
0 0.550781 0.162109 0.052734 0.029948
0 0.030273 0.919271 0.058594 0.065104
0 0.146484 0.294271 0.044922 0.031250
0 0.223145 0.067708 0.040039 0.026042
0 0.110840 0.045573 0.034180 0.026042
0 0.385742 0.111328 0.031250 0.027344
0 0.126953 0.222005 0.041016 0.029948
0 0.758301 0.622396 0.065430 0.052083
