1 0.2046875 0.9466292134831461 0.090625 0.09831460674157304
1 0.3171875 0.9382022471910112 0.071875 0.11235955056179775
1 0.4171875 0.9719101123595506 0.065625 0.0449438202247191
1 0.5546875 0.8904494382022472 0.071875 0.10393258426966293
1 0.228125 0.8398876404494382 0.0640625 0.12359550561797752
1 0.49375 0.9297752808988764 0.0234375 0.07303370786516854
1 0.1609375 0.9129213483146067 0.0265625 0.06460674157303371
1 0.3125 0.8426966292134831 0.059375 0.12921348314606743
1 0.6046875 0.8398876404494382 0.0640625 0.0898876404494382
1 0.1546875 0.7808988764044944 0.103125 0.06741573033707865
1 0.3953125 0.9129213483146067 0.0765625 0.11235955056179775
1 0.4421875 0.8932584269662921 0.0265625 0.05337078651685393
1 0.4703125 0.8314606741573034 0.05625 0.0898876404494382
1 0.578125 0.7893258426966292 0.0453125 0.0702247191011236
1 0.5015625 0.7752808988764045 0.0515625 0.09831460674157304
1 0.334375 0.7668539325842697 0.0453125 0.10674157303370786
1 0.2625 0.7752808988764045 0.0328125 0.08426966292134831
1 0.4078125 0.8314606741573034 0.0390625 0.08707865168539326
1 0.390625 0.7949438202247191 0.0515625 0.10112359550561797
1 0.45 0.7808988764044944 0.0515625 0.05898876404494382
1 0.315625 0.699438202247191 0.0515625 0.12921348314606743
1 0.475 0.7303370786516854 0.0296875 0.05056179775280899
1 0.48125 0.6404494382022472 0.065625 0.09550561797752809
1 0.34375 0.6179775280898876 0.0484375 0.06741573033707865
1 0.4375 0.6151685393258427 0.025 0.06741573033707865
1 0.4109375 0.5842696629213483 0.025 0.056179775280898875
1 0.415625 0.6882022471910112 0.034375 0.033707865168539325