1 0.19375 0.45555555555555555 0.10625 0.14444444444444443
1 0.4875 0.5222222222222223 0.1296875 0.19444444444444445
1 0.85625 0.7583333333333333 0.284375 0.36944444444444446
1 0.9234375 0.49166666666666664 0.1484375 0.19444444444444445
1 0.825 0.40555555555555556 0.346875 0.18611111111111112
1 0.4890625 0.45 0.1375 0.1
1 0.3890625 0.475 0.0859375 0.18055555555555555
1 0.321875 0.4527777777777778 0.06875 0.15833333333333333
1 0.0578125 0.6972222222222222 0.115625 0.5916666666666667
1 0.01484375 0.3819444444444444 0.0296875 0.08055555555555556
1 0.0890625 0.3888888888888889 0.0328125 0.07777777777777778
1 0.25 0.4083333333333333 0.059375 0.1
1 0.6046875 0.4305555555555556 0.075 0.10277777777777777
1 0.534375 0.4166666666666667 0.0484375 0.08888888888888889
1 0.475 0.3888888888888889 0.0375 0.030555555555555555
1 0.3296875 0.3472222222222222 0.1265625 0.058333333333333334
1 0.2328125 0.35 0.05 0.06111111111111111
1 0.05 0.34444444444444444 0.0640625 0.044444444444444446
1 0.109375 0.35 0.053125 0.05555555555555555
1 0.1734375 0.35833333333333334 0.06875 0.07777777777777778
1 0.3984375 0.35833333333333334 0.0140625 0.06111111111111111
1 0.675 0.5611111111111111 0.0859375 0.2722222222222222