1 0.175 0.6438679245283019 0.23125 0.29952830188679247
1 0.05 0.5424528301886793 0.05625 0.07547169811320754
1 0.55 0.5377358490566038 0.0375 0.08726415094339622
1 0.828125 0.5825471698113207 0.090625 0.09198113207547169
1 0.6765625 0.5518867924528302 0.0890625 0.07783018867924528
1 0.7671875 0.5566037735849056 0.0515625 0.07547169811320754
1 0.7921875 0.5306603773584906 0.1015625 0.08018867924528301
1 0.9734375 0.6226415094339622 0.0484375 0.15330188679245282
1 0.45625 0.5377358490566038 0.0703125 0.04716981132075472
1 0.4171875 0.5306603773584906 0.040625 0.0330188679245283
1 0.675 0.49764150943396224 0.0640625 0.02358490566037736
1 0.2453125 0.5235849056603774 0.0390625 0.04009433962264151
1 0.1765625 0.5212264150943396 0.0234375 0.03773584905660377