1 0.7703125 0.5722222222222222 0.153125 0.41944444444444445
1 0.953125 0.3472222222222222 0.0828125 0.20555555555555555
1 0.9453125 0.1388888888888889 0.0390625 0.08888888888888889
1 0.8890625 0.015277777777777777 0.015625 0.030555555555555555
1 0.984375 0.15 0.0171875 0.05555555555555555
1 0.3203125 0.7611111111111111 0.221875 0.3333333333333333
1 0.1734375 0.8972222222222223 0.065625 0.20277777777777778
1 0.1640625 0.7 0.0671875 0.2777777777777778
1 0.4265625 0.6 0.246875 0.3472222222222222
1 0.03125 0.4 0.0234375 0.08333333333333333
1 0.5796875 0.4861111111111111 0.0625 0.24722222222222223
1 0.6234375 0.41944444444444445 0.0390625 0.21666666666666667
1 0.653125 0.36666666666666664 0.03125 0.2
1 0.21875 0.4361111111111111 0.140625 0.16111111111111112
1 0.5078125 0.25 0.0875 0.07777777777777778
1 0.7375 0.18888888888888888 0.0265625 0.1527777777777778