1 0.084375 0.6805555555555556 0.1640625 0.625
1 0.0984375 0.40555555555555556 0.19375 0.2611111111111111
1 0.3546875 0.4444444444444444 0.13125 0.18333333333333332
1 0.2703125 0.45 0.0734375 0.11666666666666667
1 0.5875 0.37777777777777777 0.028125 0.1111111111111111
1 0.6953125 0.35833333333333334 0.0375 0.1111111111111111
1 0.6515625 0.3388888888888889 0.065625 0.075
1 0.753125 0.3277777777777778 0.0203125 0.07222222222222222
1 0.83125 0.3472222222222222 0.0609375 0.16111111111111112
1 0.8890625 0.33611111111111114 0.046875 0.18333333333333332
1 0.946875 0.33055555555555555 0.1 0.18888888888888888
1 0.25625 0.4166666666666667 0.0265625 0.05
1 0.609375 0.3277777777777778 0.059375 0.05555555555555555
1 0.8828125 0.7166666666666667 0.221875 0.5472222222222223