1 0.6703125 0.951048951048951 0.334375 0.08741258741258741
1 0.9 0.6258741258741258 0.1921875 0.2937062937062937
1 0.1453125 0.7412587412587412 0.225 0.3181818181818182
1 0.053125 0.541958041958042 0.09375 0.21328671328671328
1 0.04375 0.34265734265734266 0.0859375 0.16433566433566432
1 0.165625 0.22727272727272727 0.0671875 0.12237762237762238
1 0.1921875 0.13286713286713286 0.0484375 0.08741258741258741
1 0.3234375 0.24125874125874125 0.046875 0.11538461538461539
1 0.3921875 0.25874125874125875 0.05 0.13986013986013987
1 0.4546875 0.25874125874125875 0.0515625 0.14335664335664336
1 0.5640625 0.3111888111888112 0.0703125 0.13636363636363635
1 0.5640625 0.16433566433566432 0.0421875 0.08391608391608392
1 0.525 0.23776223776223776 0.053125 0.11538461538461539
1 0.5203125 0.17832167832167833 0.0453125 0.0944055944055944
1 0.3359375 0.18181818181818182 0.04375 0.08391608391608392
1 0.3890625 0.1888111888111888 0.0421875 0.08741258741258741
1 0.3671875 0.08041958041958042 0.021875 0.04895104895104895
1 0.365625 0.04895104895104895 0.0234375 0.03496503496503497
1 0.528125 0.08391608391608392 0.021875 0.055944055944055944
1 0.54375 0.12937062937062938 0.0359375 0.07342657342657342
1 0.634375 0.18181818181818182 0.0359375 0.0944055944055944
1 0.5890625 0.11538461538461539 0.0265625 0.03496503496503497
1 0.571875 0.0979020979020979 0.0234375 0.04895104895104895
1 0.55 0.08391608391608392 0.03125 0.04195804195804196
1 0.503125 0.15034965034965034 0.028125 0.08391608391608392
1 0.4671875 0.2062937062937063 0.0484375 0.10839160839160839
1 0.4671875 0.14685314685314685 0.0421875 0.08741258741258741
1 0.4953125 0.08391608391608392 0.03125 0.07692307692307693
1 0.4546875 0.11538461538461539 0.034375 0.0944055944055944
1 0.4125 0.13636363636363635 0.0421875 0.10839160839160839
1 0.4078125 0.07692307692307693 0.0359375 0.07692307692307693
1 0.446875 0.04895104895104895 0.0296875 0.08391608391608392
1 0.475 0.03496503496503497 0.0234375 0.06293706293706294
1 0.5265625 0.038461538461538464 0.03125 0.06293706293706294
1 0.540625 0.05244755244755245 0.0234375 0.027972027972027972
1 0.36875 0.017482517482517484 0.025 0.03496503496503497
1 0.403125 0.024475524475524476 0.0234375 0.04895104895104895
1 0.425 0.04895104895104895 0.015625 0.04895104895104895
1 0.49375 0.024475524475524476 0.0125 0.03146853146853147
1 0.3765625 0.15034965034965034 0.025 0.08041958041958042
1 0.3390625 0.10839160839160839 0.040625 0.10839160839160839
1 0.08125 0.4755244755244755 0.109375 0.16783216783216784
1 0.059375 0.11188811188811189 0.1078125 0.17132867132867133
1 0.10625 0.15734265734265734 0.015625 0.08741258741258741
1 0.153125 0.11188811188811189 0.015625 0.07342657342657342