1 0.2765625 0.55 0.1015625 0.12222222222222222
1 0.0390625 0.525 0.065625 0.08888888888888889
1 0.128125 0.48333333333333334 0.0234375 0.030555555555555555
1 0.890625 0.6194444444444445 0.2140625 0.14722222222222223
1 0.646875 0.5666666666666667 0.175 0.10833333333333334
1 0.7796875 0.5583333333333333 0.0828125 0.09444444444444444
1 0.6546875 0.5277777777777778 0.1421875 0.09166666666666666
1 0.7140625 0.5305555555555556 0.05625 0.06388888888888888
1 0.46875 0.5111111111111111 0.1078125 0.08055555555555556
1 0.525 0.5222222222222223 0.0625 0.06944444444444445
1 0.5578125 0.5111111111111111 0.040625 0.03888888888888889
1 0.3796875 0.49722222222222223 0.0640625 0.05277777777777778
1 0.3359375 0.49166666666666664 0.03125 0.04722222222222222
1 0.284375 0.48333333333333334 0.025 0.022222222222222223
1 0.309375 0.4888888888888889 0.0234375 0.030555555555555555